content
""
""
不錯 公園 設施 多元 視野 設備 老舊 需要 養護
""
""
""
大甲 鐵砧山 永信 運動 公園 夜景 征服 超美 燈光 寬廣 場地 適合 好友 運動 聊天 瞬間 變身 充滿 活力 夜貓子
""
不錯 親子 遊樂 場所 好評
""
不錯
小孩 放電 地方
""
""
""
""
""
""
""
""
""
""
""
親子 風景 優美
親子
改成 收費 停車場 樹蔭 地方
鐵站山 雕塑 公園 獨特 公園 眾多 雕塑 作品 聞名 以下 一些 特色 雕塑 作品 公園 展示 許多 精美 雕塑 作品 包括 動物 人物 抽象 現代 作品 這些 雕塑 作品 不同 材料 風格 呈現 展示 藝術家 創造力 技巧 自然 環境 公園 周圍 環境 優美 樹木 花草 草地 自然 元素 遊客 寧靜 環境 欣賞 雕塑 作品 同時 享受 大自然 美好 文化 意義 鐵站山 雕塑 公園 雕塑 作品 蘊含 文化 意義 反映 當地 歷史 傳統 價值觀 遊客 欣賞 這些 作品 瞭解 更多 當地 文化 歷史 藝術 活動 公園 舉辦 藝術 活動 藝術 展覽 音樂 表演 工作坊 這些 活動 遊客 提供 更多 藝術 體驗 互動 機會 休閒 設施 公園 設有 休息區 步行道 遊樂場 休閒 設施 遊客 欣賞 雕塑 作品 同時 放鬆 身心 享受 愉快 時光 鐵站山 雕塑 公園 獨特 雕塑 作品 美麗 自然 環境 吸引 遊客 同時 提供 豐富 藝術 文化 體驗 欣賞 藝術 放鬆 身心 瞭解 當地 文化 公園 值得 地方
走走 散步
""
適合 小朋友 這裏 跑跑跳跳 消耗 體力
公園 增設 很多 空氣 清新 景觀 漂亮 散步 運動 所在
小孩 跑跳
""
""
""
""
值得來
""
""
""
停車場 收費 開始 興建 期待 其它 公費 低收費 使用 付費 認同 期待 乾淨 公廁 蚊子 很多
""
""
雕塑 藝術感 不同 角度 一樣 遠眺 大安溪 遠處 山脈 看到 高鐵 二高 一省道 不錯 景點
""
空氣 清幽 適合 散心 放風 步道 適合 健身
鐵鉆山 雕塑 公園 美侖美奐 文化 圖騰 美術 佳作
景觀 不錯 適合 親子
平日 車潮 適合 前來 走走 夏日 炎炎 觀景處 遮蔭 不足 注意 防曬
""
風景 優美 設施 好玩 環境 乾淨 照明 設置 太少 設立 告示 宣導 遛狗 留便
""
""
風景 優美 運動 藝術 公園 晚上 夜景 不錯
""
園區 廣大 遊樂 設施 新穎 挑戰性
""
""
""
公園 沙坑 鞦韆 溜滑梯
適合 親子 遊憩 公園 園區 設有 垃圾桶 加強 公德心 亂丟 垃圾
""
步道 地方
規劃 公園
中部 親子 公園 大推
""
""
環境 清幽 遊客 中心 參觀 劍井
""
""
""
放鬆 休閒 地方
遠處 走近 聽到 流洩出 輕柔 爵 士風 樂曲 身心 放鬆 好棒 午後 時光
""
變化
""
风景 优美 推荐 适合 运动
之後 停車場 收費 政府 規劃 公園 超大
""
""
""
地平 寬闊 視野 封禪台
""
環境 不錯
好玩 運動
小孩 散步 運動 山巒 青翠 微風 郊外 踏青 公廁 設施 良好 環境 友善
""
""
風景 小孩 開心 很多 維修
適合 小孩 放電 攤販區 用餐
""
""
公園 對面 停車場 適合 小孩 可惜 滑索 壞掉 圍起來
""
""
""
""
""
""
樂團 表演
""
環境 設施 齊全
運動 風景 小孩 天堂
""
遊樂 設施 很多 小孩 放電
""
""
""
""
去年 整修 今年 20230514 很多 設施 封閉 整理 說明 原因 施工點 掃興 整修 何時
""
適合 家庭 走走 放鬆 地方 以下 簡介 引用 台中 觀光 旅遊 鐵砧山 位於 大甲鎮 東北隅 大安溪 下游 南岸 台灣 氣候 南北 分界線 候鳥 回歸 北地 重要 轉折處 山頂 數十 平方公里 平地 平錐體形 遠望 猶如 巨型 打鐵砧 得名 鐵砧山 傳說 甚多 名列 台灣 中部 以來 大甲 馳名 遠近 地標 登上 山頂 遙望 蜿蜒 大甲 大安 翻飛 台灣海峽 線條 分明 農田 重劃區 村落 景致 風景區 豐富 人文 歷史 景點 劍井 國姓廟 充滿 傳奇性 色彩 古蹟 文化 底蘊 雕塑 廣場 提倡 藝術 生活化 精心 規劃 成立 其他 雕塑 公園 國軍 紀念 公園 武器 大觀 永信 運動 公園 鐵砧山 多樣 豐富 景點 近年 親子 共融 人文 歷史 自然 景觀 運動 野營 主題 成為 假日 熱門 景點 加強 推廣 鐵砧山 觀光 旅遊 週日 早上 提供 導覽 解說 服務 時間 第一 場次 09001000 第二 場次 10301130 重大 節日 連假 補班 暫停 服務 歡迎 遊客 利用 民眾 前往 集合 地點 鐵砧山 旅客 服務 中心 門口 整修 期間 改至 對面 雕塑 公園 志工 服務 報名
""
""
""
景色 優美 適合 全家 大小 健行 值得 推薦
""
""
""
""
""
""
""
""
不錯
""
""
""
晃晃 不錯 停車 方便
""
""
""
整體 不錯 建議 路線 告示牌 多一點 指示 一下 走到 地圖 位置
""
""
""
"停車 方便 指示 清楚 大小 廁所 遮陽
 人數 週末 上午 前往 接受 好幾 桐花樹 漂亮 遠眺 風景 不錯 上午 注意 防曬 補充 小人 水份 重要 蒼蠅 公德心 附近 抽菸 其他 接受 停車位 足夠 目前 部份 地面 整修 202304 注意 很多 水源 垃圾桶 推薦"
適合 小孩
""
""
""
攀爬網 預期 不錯 公園
""
""
""
""
小孩 地方
""
""
孩子 放電 地方 遊樂 設施 分別 年齡層 小朋友 停車 停車場 廁所 攤販
今天 天氣 下雨 什麼 涼爽
好幾 硬體 設施 環境 清潔
""
外客 前往
適合 親子 放鬆 地方
""
""
""
""
""
視野 廣闊 風景 適合 大衆
""
免費 入園 小孩 公園 周邊 停車 園區 網繩 攀爬區 之外 溜滑梯 沙坑 大人 一些 伸展 運動 器材 使用 漂亮 風景 停車場區 小吃 週末 假日 下午 走走 大人 小孩 開心 放鬆 值得 推薦
""
適合 小孩 活動 散步
親子 地點
""
女友
用心 改善 經營 公園 值得 逛逛
""
適合 踏青 小孩 地方
""
""
""
小孩 地方
雨天 雲霧 繚繞
""
""
""
風景 優美 環境 整潔 適合 踏青 拍照 麗寶 大甲 其他 景點
小孩 地方 停車位 地方 遊具 芋冰 霜淇淋
孩子 放電 地方
""
""
""
跑步 爬坡
""
""
""
""
""
""
風景 涼爽 適合 小朋友 走走 玩樂
無聊 走走 不錯
""
小孩 放電 所在
視野 適合 親子 散步 地方 公園 花草 養護
""
平日 空曠 今天 天氣 大甲溪 夜景
""
""
""
""
""
""
""
好玩 小孩 玩瘋
停車 停車場 附近 攤販 廁所 停車場 這邊 風景 小孩 地方 需要 做好 避暑 準備 附近 記得 公墓 建議 飲料
""
""
""
""
""
曬太陽 運動
""
""
""
""
小朋友 腹地 設施
""
對面 停車場 假日 散步 地方
""
親子 休閒 選擇 多樣化 遊樂 設施 些許 攤商 小型 夜市 提供 美食 古早味 餘樂
""
""
""
""
""
親子 生活 去處 佔地 面積 適合 小朋友 遊玩 遊戲區 多元 停車場 臭豆腐 魚湯 好吃
地方 小孩 去處
""
風景
海線 值得 絕佳 景點 看到 遊玩 感覺 檔次 天氣 之後 什麼 好嫌
適合 小孩 放風 遊憩區 範圍 馬路 區隔開 小孩 暴衝 馬路兒 造成 危險 遊樂 設施 沒有 制式化 特別 設計 設施 搬來 使用 停車場 遊憩區 馬路 對向 共用 空間 問題 停車場 一些 小吃 小販 遊客 享用 便利 廁所 停車場 一半 上廁所 這邊 知名 藥廠 自設 遊戲 公園 同時 遠東 地區 觀世音 銅像 巨大 鄭成功 石像 附近 種類 建議 食物 上來 樹蔭 適合 擺上 野餐墊 進行 野餐 同時 涼亭 遊客 遊憩亭 石桌 適合 玩累 東西 消遣 娛樂 這邊 賣點 遠眺 苑里 通霄 三義 火炎山 緊鄰 大安溪 天氣 時候
風景 觀看 台中海線 風景 免費 停車 空間 假日 一些 攤販 提供 餐點 遊樂 設施 適合 小朋友 放風 遊玩
""
""
展望 看到 整個 台中 苗栗 公園 許多 小朋友 遊樂 設施 停車場 廁所 一些 小吃 適合 放風 地方 搭上 劍井 國姓廟 三角點 適合
適合 假日 走走 地方
走過 路過 遠眺
運動 去處 賞櫻 時候
""
""
""
視野 地方 遠眺 高美 濕地 火炎山 體驗
草皮 養護 糟糕 發黃
公園 綠地 私人 企業 土地 整理 目前 整理出 步道 難易 日常 活動 去處
遠眺 景觀 壯麗 大小 朋友 親子 遊樂 設施 市集 薩克斯風 音樂 演奏 有空
停車 方便 鐵砧山 公園 停車 走到 永信 公園 綠葉 樹木 適合 野餐 地方 設施 蹺蹺板 盪鞦韆 攀繩 遛索 大人 小孩 玩耍 適合 放電 遠眺 看到 海邊 市區 櫻花季 盛開 櫻花 欣賞 拍攝 花錢 規劃 附近 行程 安排 這裡
""
""
""
平日人 沒有 攤販 自備 餐飲 走走 步道 運動 散步 假日 攤販 孩子 溜滑梯沙子 遊戲 享受 大自然 環境 地方
最近 雕塑 公園 夜晚 光雕 開始 830 查詢 小孩 跑跳 不錯
""
鐵砧山 風景區 現在 大人 小孩 玩樂 地方 運動 公園
""
希望 活動 音量 吵人 走到 聽到
""
風景
藝術品 不錯 空間
""
櫻花 盛開 桂花香 意境
""
""
""
鐵砧山 雕塑 公園 結合 娛樂 藝術 公園 擁有 設施 溜滑梯 沙坑 停車場 美麗 風景 風車 雕塑 公園 地方 享受 家人 朋友 時光 鐵砧山 雕塑 公園 景觀 美麗 綠蔭 成蔭 清新 空氣 遠離 城市 喧囂 地方 風車 雕塑 風景 部分 使得 公園 充滿 生氣 創意 獨特性 公園 鐵砧山 雕塑 公園 提供 娛樂 設施 溜滑梯 沙坑 小孩 喜歡 地方 公園 提供 充足 停車位 方便 駕駛 前往 鐵砧山 雕塑 公園 值得 推薦 公園 擁有 美麗 風景 娛樂 設施 創意 雕塑 享受 時光 地方 特別 提供 溜滑梯 沙坑 停車場 設施 特點 使得 吸引人
公園 免費 景點 愜意 拍照 小孩 設施 溜滑梯
""
大人 小孩 放鬆 玩耍 地方
""
""
地方 有的 時候 很多 喜歡 時候
""
親子 走走 好處所 免費
乾淨 整齊 設備 良好 適合 小孩子
""
""
適合 小朋友 活動 地方
小孩 地方
冬天
""
""
""
小孩 項目 很多 溜滑梯 盪鞦韆 適合 小孩
運動 地方 停車
地廣 小孩 遊戲場 散步 賞景 不錯 地方
小孩 放電好 地方 觀看 風景 舒服
設施 豐富 大小孩 小心風 值得
""
第一 地處 偏僻 荒涼 眺望 台中 市區 風景 一樣 遼闊 小型 公園 休憩 適合 小孩 小型 遊戲場 適合 家庭 小孩 放電
場地 很多 材質 獨木 攀爬網 攀爬 隧道 滑索 攀岩 角落 觀景台 眺望 視野 風景 大人 休閒 小孩 娛樂 兼顧
晚上 六時半 放射光 精彩 櫻花 八時 沒有 寒流 好運
""
休息 出去 走走 明天 開始 工作 人生 苦短活 幸褔
小孩 遊戲區 夜景 地方 新增 許多 雕塑 作品
""
適合 小學生 小朋友 遊憩 視野 開闊
環境 整理 尚可 任何 吸引 觀光客 活動 帶動 地方 觀光 經劑 效益
公園 不錯 旁邊 香腸 不行小貴 好吃
今天 大大 吹走
小孩 遊樂區 適合 親子 活動 公園 散步區 露營區
散步 小孩 去處
""
大象 長頸鹿 烏龜 老虎 鴕鳥
小孩 遊玩 地方
藝術 雕塑 擺在 親子 共遊 區域 一些
鐵站山 適合 走走 運動 旁邊 小吃 補充 體力 停車場 寵物 景觀 運動 休閒 古蹟 文物 道地 小吃 臭豆腐 泡沫 紅茶
""
""
公園
隔壁 永信 運動 公園 適合 小朋友 消耗 體力
""
""
""
""
平常日 很少 到訪 地方 舒服
""
運動 藝術感 天氣 風景
兒童 玩樂 爬山 風景
""
適合 郊遊 踏青 去處 鳥瞰 大甲 市區 風景 冬天 做好 保暖
風景 漂亮
""
親子 公園 設施 豐富 小朋友 開心
景點 風景
""
散步 去處
""
小孩電 地方
""
""
範圍 優美 風景 環境 整潔 兒童 遊戲區 分佈 公園 入口 玩膩 不同 類型 設施 左右
燒起來 空氣 路口 消防車
風景
""
""
""
夏季 涼爽 冬季 涼冷
增加 許多 不錯 設施
過路
""
""
""
""
""
""
眺望 火焰山 大安溪 設施 125 時候 滑索 封起來
""
""
規劃 不錯 小時
來過 大甲 知道 地方 腹地 廣大 維護 乾淨 俯瞰 大甲平原 適合 放鬆 公園
景色 看到 夜景
""
""
最近 大甲 鐵砧山 北邊 斷崖 觀景台 修好 整體 感覺 寬闊 清新 舒服 值得
""
""
廁所 乾淨
""
""
熱門 設施 封閉 對面 停車場 動線 不佳 出入口 斑馬線 規劃 危險 理解
公園 寬闊 視野 觀光客 建設
""
雕塑 作品 小朋友 遊樂 設施 不錯
孩子 跑跑 消耗 體力 地點
""
""
步道 走游樂 設施 樹木
""
假日 孩子 出遊 地方
""
不錯 風景 不錯 人工 草皮
大甲 親子 遊樂 景點
""
休閒 健走
小孩 放電 不錯
""
""
放鬆 享受 地方
景色 優美 設施
""
""
""
小孩 蜜蜂 叮咬 沙坑 附近 小心
視野
""
""
當天 空氣 品質 不佳 上面 能見度 感覺 霧霧 散步 小孩 放電 不錯 地方
""
清幽
景觀 視野
拍照 模樣
"鐵砧山 風光 男女 老少 閒情 高
 日升 月落 
相 見道"
""
""
自私 佔住 小朋友 路經
""
""
""
遊具 豐富 小孩
""
""
""
""
值得 地方 晚上 夜景 台中人 幸福
""
逛逛  溜 小孩
""
""
""
""
20220924 施工 可惜 看到 台中 景色 今天 超大
適合 散步 小孩
場地 很多 遊樂 設施 適合 親子 地方
""
無聊 當作 走走 看看 地方
""
重整
好玩 適合 小學生 假日 來訪 太多 旁邊 永信 文物館 不錯 維護 假日 免費 闖關 學習 知識 付費 活動 推薦
大人 小孩 適合 場所 很多 大樹 很多 造景 風景 大人 風景 休閒 泡茶 聊天 小孩 小孩 體能 遊戲 累到 直接 睡覺 喜歡 照相 年輕人 很多 照出 美美 相片 團體 現場 薩克斯風 享受 個人 喜歡 攤販 集中 攤販 他們 喜歡 這樣子 東西 一樣 尷尬 尷尬 鐵砧山 風景區 分散 大家 方便 尷尬 停車場 方便 共有 停車場 天氣 32 大樹 涼風 吹來 舒服 適合 大小 朋友 門票 地方
""
目前 很多 地方 導航 路程 經過 火葬場 忌諱 妥善 安排 路線 運動場 好玩
""
""
"第一 兒童 友善 公園 
溜 小孩 地方 設施 小孩 國小生 玩耍 放電 成人 使用 運動 器材 可惜 細雨 走完 園區 遊客 中心 飲水機 服務 人員 親切 洗手間 乾淨 機會 這裡 走走"
地方
""
某些 遊樂 設施 區域 施工 遊客 中心 廁所 施工 施工 完成 適合 小朋友 放電 地方
""
